<!-- Generated: 07.09.2014 18:58:52 -->
Job count = 20

 <!-- Part 1:  Dependencies -->

0 0 0 0 1 1 0 0 0 1 0 0 1 0 0 0 0 0 0 0 
0 0 0 0 0 1 1 0 1 0 0 0 0 1 0 0 0 0 0 0 
0 0 0 0 0 0 1 1 0 1 0 0 0 0 1 0 0 0 0 0 
0 0 0 0 1 0 0 1 1 0 0 0 0 0 0 1 0 0 0 0 
0 0 0 0 0 0 0 0 0 0 1 0 0 0 0 0 0 0 0 0 
0 0 0 0 0 0 0 0 0 0 1 0 0 0 0 0 0 0 0 0 
0 0 0 0 0 0 0 0 0 0 1 0 0 0 0 0 0 0 0 0 
0 0 0 0 0 0 0 0 0 0 1 0 0 0 0 0 0 0 0 0 
0 0 0 0 0 0 0 0 0 0 1 0 0 0 0 0 0 0 0 0 
0 0 0 0 0 0 0 0 0 0 1 0 0 0 0 0 0 0 0 0 
0 0 0 0 0 0 0 0 0 0 0 1 0 0 0 0 0 0 0 0 
0 0 0 0 0 0 0 0 0 0 0 0 1 1 1 1 0 0 0 0 
0 0 0 0 0 0 0 0 0 0 0 0 0 0 0 0 1 1 0 0 
0 0 0 0 0 0 0 0 0 0 0 0 0 0 0 0 1 1 0 0 
0 0 0 0 0 0 0 0 0 0 0 0 0 0 0 0 1 1 0 0 
0 0 0 0 0 0 0 0 0 0 0 0 0 0 0 0 1 1 0 0 
0 0 0 0 0 0 0 0 0 0 0 0 0 0 0 0 0 1 0 0 
0 0 0 0 0 0 0 0 0 0 0 0 0 0 0 0 0 0 1 0 
0 0 0 0 0 0 0 0 0 0 0 0 0 0 0 0 0 0 0 1 
0 0 0 0 0 0 0 0 0 0 0 0 0 0 0 0 0 0 0 0 

 <!-- Part 2:  Execution times -->

1 4.745312
2 4.745312
3 4.745312
4 4.745312
5 6.915625
6 6.915625
7 6.915625
8 6.915625
9 6.915625
10 6.915625
11 0.465
12 1.89625
13 3.340313
14 3.340313
15 3.340313
16 3.340313
17 0.50375
18 0.76
19 0.335
20 0.425
